842 1144
251 186
312 360
477 573
594 386
538 317
33 283
481 782
561 63
128 356
659 121
788 745
9 753
691 566
817 727
654 227
806 113
391 744
537 244
206 470
794 655
584 259
38 615
498 152
240 675
766 110
503 681
677 472
260 688
506 40
618 85
638 479
772 536
279 192
769 544
364 98
777 313
10 194
646 585
665 267
132 105
243 201
455 191
842 615
656 189
200 508
7 120
208 555
374 5
45 550
82 304
692 743
351 179
413 184
170 416
723 439
259 538
792 260
600 245
817 784
12 488
182 100
130 624
816 336
674 764
514 178
780 809
221 811
51 571
687 623
110 453
319 74
114 562
650 823
212 274
212 207
559 325
485 802
727 807
363 358
412 248
702 475
127 619
376 552
803 689
643 335
184 165
428 172
282 668
683 214
661 669
223 737
760 429
794 817
386 802
267 536
558 671
538 115
300 374
117 838
552 824
333 204
118 10
102 180
36 774
761 339
192 344
574 369
688 540
191 443
204 4
731 534
671 409
549 151
721 544
405 147
682 447
720 465
518 585
147 489
269 129
714 324
561 156
598 725
833 794
541 52
481 36
262 286
784 161
708 271
677 111
271 263
301 488
17 503
248 43
657 499
566 215
112 618
418 553
63 841
69 679
411 146
496 40
276 801
299 186
193 420
558 262
721 770
812 676
828 193
223 631
632 300
103 598
796 120
417 638
820 373
185 394
642 198
128 437
668 363
382 750
313 562
396 327
837 589
296 426
176 385
793 288
97 381
540 282
297 569
822 124
329 679
452 729
220 639
302 226
738 435
667 583
738 159
594 120
794 110
793 825
757 488
651 513
830 440
299 597
730 721
684 272
786 671
807 598
496 684
522 380
783 634
701 70
774 19
208 203
15 488
197 607
821 288
49 427
423 556
840 694
127 782
261 731
824 762
380 789
519 208
514 588
711 753
125 313
237 116
604 403
246 308
219 378
130 742
837 592
827 594
273 768
45 271
197 402
81 33
731 455
328 744
326 829
377 769
66 217
307 2
76 712
514 231
252 572
560 330
25 66
80 542
495 670
829 735
443 819
694 130
453 211
433 450
156 418
407 101
218 644
682 186
787 183
349 279
320 802
524 99
464 426
631 68
83 594
791 813
609 683
163 512
238 68
324 527
649 35
797 181
421 678
715 347
687 370
365 147
515 615
533 140
535 632
604 693
654 758
772 199
685 559
751 242
167 609
782 167
25 627
701 330
482 243
141 48
238 166
493 614
468 263
266 622
548 633
213 168
501 560
187 133
631 172
324 578
508 208
682 739
342 629
227 713
223 520
623 459
523 136
516 452
772 542
307 152
138 696
637 578
673 9
611 358
100 82
75 307
380 614
344 692
7 180
577 155
303 408
434 162
785 842
771 325
133 571
821 802
29 469
563 376
491 314
245 287
364 401
742 556
23 685
601 557
715 498
780 808
626 832
278 130
650 427
213 501
693 265
784 200
444 67
488 457
789 169
389 712
102 694
735 318
383 661
621 725
77 417
273 403
340 776
695 387
165 422
377 357
133 492
316 544
33 706
108 403
322 567
368 667
806 786
97 614
213 808
827 734
499 823
307 352
50 629
432 330
760 789
136 154
660 29
756 119
380 561
298 465
729 383
294 651
190 167
143 149
532 417
364 278
208 32
514 296
511 52
499 596
410 716
207 361
42 290
86 579
523 708
35 835
490 202
108 551
394 410
551 600
123 455
463 38
712 466
179 319
255 269
214 198
700 506
680 539
834 507
307 811
670 781
738 156
778 639
814 825
47 269
663 496
115 102
426 362
529 417
120 143
780 173
659 89
369 183
672 478
661 780
560 428
15 783
839 162
107 817
129 2
138 485
297 603
373 634
103 463
681 399
598 26
537 678
717 454
768 38
88 611
255 749
684 138
494 422
329 609
821 718
287 620
330 171
300 654
519 282
776 449
91 53
433 152
683 189
521 170
391 339
469 740
65 230
491 699
98 72
747 152
263 545
55 101
337 676
779 687
615 437
749 296
789 540
385 379
219 428
95 529
497 770
515 447
807 805
132 406
265 786
403 439
409 776
280 640
163 347
313 444
446 507
437 633
179 833
100 275
801 343
595 455
722 581
673 823
322 395
101 205
452 575
482 311
788 362
467 601
618 218
297 530
370 533
395 473
664 597
265 569
196 288
659 61
625 298
141 196
485 123
552 675
488 287
108 600
440 89
788 455
176 608
144 282
13 235
343 315
790 79
439 205
525 608
540 562
723 385
451 716
775 666
677 395
250 23
585 424
104 768
392 415
23 265
676 45
387 60
727 399
472 279
183 827
712 656
252 275
604 568
451 760
634 3
726 541
692 26
213 546
10 6
68 204
155 68
652 20
751 563
79 782
231 791
650 105
798 70
266 383
839 437
114 172
747 414
355 397
316 793
490 787
650 652
800 391
33 527
305 226
278 356
134 325
45 3
605 323
143 424
786 693
798 114
126 231
301 484
304 38
202 641
746 166
301 734
352 278
260 305
301 612
49 311
322 747
705 632
656 42
156 589
217 155
707 668
242 836
432 655
312 250
806 305
406 810
366 215
490 252
32 119
630 158
2 263
81 37
556 431
30 783
339 166
299 101
182 578
651 252
486 320
26 290
482 375
294 116
147 659
200 210
742 813
742 602
348 6
465 751
232 654
659 726
784 777
645 50
164 251
380 213
513 581
208 85
565 235
80 249
636 826
392 624
54 319
676 811
769 516
812 367
535 69
12 161
62 736
537 772
505 365
262 838
578 483
608 530
260 72
158 831
68 172
525 210
436 155
686 366
485 822
809 741
28 679
569 53
521 493
50 527
316 337
409 177
118 685
748 674
381 404
8 188
226 779
141 703
20 455
678 802
335 361
584 740
630 220
240 700
518 773
118 13
637 459
280 230
518 714
631 119
372 288
466 134
333 206
585 476
731 367
502 391
663 838
423 375
204 111
556 724
200 87
379 565
33 582
668 579
464 680
714 766
496 181
684 235
633 783
369 493
732 744
420 833
200 303
346 780
581 78
105 96
757 815
702 175
28 715
383 366
72 480
308 449
429 557
670 630
282 776
321 243
487 592
237 637
190 351
503 358
567 217
366 695
268 775
221 240
680 109
615 463
155 463
580 718
719 714
88 558
222 714
251 197
785 58
210 131
59 233
810 701
490 161
243 518
729 458
363 682
540 292
236 718
803 832
479 437
56 319
709 557
106 306
692 33
518 89
805 783
16 309
469 389
587 46
658 842
768 35
409 483
753 110
192 322
775 802
549 189
13 599
708 617
42 612
710 689
16 777
772 146
361 35
719 69
718 280
445 342
336 794
368 271
762 304
548 255
827 41
424 219
683 646
219 58
485 375
760 125
124 619
386 370
366 531
38 28
503 413
482 747
99 587
476 227
517 665
221 716
677 596
751 647
462 131
819 607
239 709
56 159
614 826
36 452
334 368
692 355
457 117
776 651
635 601
121 389
158 811
738 640
104 312
731 510
171 565
607 190
105 711
636 735
561 147
542 399
734 814
491 703
124 406
107 765
76 37
742 52
187 42
784 832
692 147
9 575
531 105
19 791
604 134
30 722
258 442
39 256
291 323
566 301
760 161
318 523
596 1
662 750
419 520
106 350
601 255
503 269
215 460
434 693
491 89
252 691
739 824
306 115
626 739
529 125
173 260
777 47
422 400
278 307
48 630
690 646
226 377
445 611
585 734
426 509
81 379
137 614
287 558
416 796
436 557
218 796
107 401
254 448
277 256
316 829
261 461
50 186
745 106
821 548
586 478
598 742
387 358
720 408
381 816
545 127
270 267
355 66
599 589
51 582
366 268
708 680
372 833
429 828
703 218
559 811
729 302
211 749
239 100
733 223
211 449
107 588
521 499
668 146
340 119
709 263
165 384
597 187
556 717
261 300
321 719
656 97
710 820
581 15
624 437
529 25
620 555
105 254
643 771
585 504
715 685
511 636
53 21
190 154
686 767
528 511
569 356
125 307
291 628
92 271
261 627
746 335
376 817
272 731
419 540
383 819
221 526
580 435
15 655
174 349
216 756
809 589
825 337
674 528
199 396
817 305
657 23
476 169
404 535
715 630
112 124
804 218
727 301
420 633
241 377
676 160
348 794
402 628
784 210
746 495
552 636
379 833
687 632
719 23
481 599
47 468
597 257
607 5
85 546
427 787
519 649
445 684
675 649
458 329
540 219
661 17
583 745
815 752
137 505
360 313
474 728
364 335
244 121
192 698
478 249
156 594
184 497
1 242
830 92
499 110
405 587
710 187
382 36
420 180
33 125
625 465
68 651
79 183
305 8
422 210
466 143
558 723
275 186
203 513
248 46
47 797
538 363
648 82
760 439
831 633
26 7
373 817
359 22
104 69
507 530
352 663
730 498
577 418
550 433
642 477
536 317
104 199
111 386
483 340
463 757
532 385
273 257
813 528
813 475
611 392
679 572
11 593
702 752
594 41
107 696
107 519
204 760
201 103
432 689
189 529
406 25
702 367
4 618
684 585
347 210
108 396
355 478
539 259
651 541
72 446
217 481
824 182
171 29
749 617
517 652
168 164
282 47
534 313
699 673
547 140
529 684
714 234
169 642
80 296
522 723
219 198
530 740
718 173
69 571
605 665
283 227
138 452
341 25
356 199
121 523
765 381
773 720
629 663
39 537
529 279
405 371
514 613
139 217
212 272
153 522
233 704
301 471
463 594
518 765
427 700
531 580
408 602
48 22
128 720
761 660
641 103
636 236
729 49
322 423
2 676
429 523
634 152
806 585
436 492
842 177
116 559
703 516
812 314
573 746
550 601
190 470
396 516
4 761
330 73
515 807
127 798
400 40
306 619
223 225
612 807
630 386
460 398
306 793
833 59
46 48
473 294
150 750
404 202
289 358
811 779
203 111
48 729
63 437
410 243
306 724
834 372
512 193
208 166
809 19
484 486
357 412
398 672
296 758
563 282
804 356
259 788
670 440
436 7
289 595
217 417
515 774
456 508
391 284
627 695
501 551
467 747
306 641
337 377
750 753
112 548
733 576
545 91
770 266
761 141
185 331
536 333
549 384
787 543
733 622
163 667
353 244
304 69
192 817
333 727
286 380
786 47
31 782
201 483
183 71
755 600
138 184
117 196
162 249
531 492
57 651
648 613
161 287